#COMMON ORIGIN (DATE, TIME)
2014 08 29   03. 45.  6.979482
#STATIONS
18
#OUT_DT OUT_SAMPLES ARTIFICIAL_TIMESHIFT
0.025    16384          20.
#FILTERS (NUMBER OF FILTERS, PARAMETERS)
1
0.05   10.   
-----------------------------------------------------------------------------------------------------
LAT       LONG       DATE_BEGIN TIME_BEGIN  DT      DIVIDE DETREND FILTER INTEGRATE  FILENAME
-----------------------------------------------------------------------------------------------------
36.831561 25.893836  2014 8 29 3 43  4.040  0.010   1.0    1       1      0          AMGAraw.dat
35.867040 23.301170  2014 8 29 3 43  4.520  0.010   1.0    1       1      0          ANKYraw.dat
37.072740 25.523010  2014 8 29 3 43  4.710  0.010   1.0    1       1      0          APEraw.dat
37.966500 23.784500  2014 8 29 3 43  2.581  0.010   1.0    1       1      0          ATHUraw.dat
38.077940 23.933060  2014 8 29 3 43  4.620  0.010   1.0    1       1      0          DIONraw.dat
36.760300 22.565900  2014 8 29 3 43  4.760  0.010   1.0    1       1      0          GTH2raw.dat
35.460600 23.981100  2014 8 29 3 43  3.170  0.010   1.0    1       1      0          IMMVraw.dat
37.178720 21.925220  2014 8 29 3 43  4.630  0.010   1.0    1       1      0          ITMraw.dat
37.987900 22.974300  2014 8 29 3 43  4.330  0.010   1.0    1       1      0          LOUTraw.dat
37.711960 24.055180  2014 8 29 3 43  4.915  0.005   1.0    1       1      0          LVRAraw.dat
36.745010 24.421900  2014 8 29 3 43  4.630  0.010   1.0    1       1      0          MHLAraw.dat
36.512630 23.062480  2014 8 29 3 43  3.860  0.010   1.0    1       1      0          NPS1raw.dat
35.231190 23.682500  2014 8 29 3 43  3.840  0.010   1.0    1       1      0          PLC1raw.dat
36.435600 25.345419  2014 8 29 3 43  4.990  0.010   1.0    1       1      0          SAP3raw.dat
37.160900 24.485300  2014 8 29 3 43  4.250  0.010   1.0    1       1      0          SERIraw.dat
35.017770 24.812040  2014 8 29 3 43  2.130  0.010   1.0    1       1      0          SIVAraw.dat
37.527800 22.270800  2014 8 29 3 43  4.030  0.010   1.0    1       1      0          TRIPraw.dat
35.114700 26.216910  2014 8 29 3 43  4.200  0.010   1.0    1       1      0          ZKRraw.dat
